15.018130280 1404.0
15.044390845 1462.0
15.070651410 1381.0
15.096911975 1368.0
15.123172540 1366.0
15.149433105 1328.0
15.175693670 1433.0
15.201954235 1428.0
15.228214800 1371.0
15.254475365 1395.0
15.280735930 1355.0
15.306996495 1402.0
15.333257060 1323.0
15.359517625 1435.0
15.385778190 1387.0
15.412038755 1365.0
15.438299320 1457.0
15.464559885 1392.0
15.490820450 1389.0
15.517081015 1334.0
15.543341580 1365.0
15.569602145 1376.0
15.595862710 1323.0
15.622123275 1377.0
15.648383840 1347.0
15.674644405 1429.0
15.700904970 1341.0
15.727165535 1325.0
15.753426100 1375.0
15.779686665 1381.0
15.805947230 1382.0
15.832207795 1421.0
15.858468360 1342.0
15.884728925 1420.0
15.910989490 1332.0
15.937250055 1432.0
15.963510620 1331.0
15.989771185 1387.0
16.016031750 1371.0
16.042292315 1394.0
16.068552880 1310.0
16.094813445 1360.0
16.121074010 1403.0
16.147334575 1380.0
16.173595140 1337.0
16.199855705 1327.0
16.226116270 1287.0
16.252376835 1333.0
16.278637400 1357.0
16.304897965 1312.0
16.331158530 1325.0
16.357419095 1352.0
16.383679660 1329.0
16.409940225 1346.0
16.436200790 1314.0
16.462461355 1335.0
16.488721920 1364.0
16.514982485 1285.0
16.541243051 1289.0
16.567503616 1300.0
16.593764181 1239.0
16.620024746 1283.0
16.646285311 1309.0
16.672545876 1322.0
16.698806441 1301.0
16.725067006 1308.0
16.751327571 1300.0
16.777588136 1241.0
16.803848701 1358.0
16.830109266 1315.0
16.856369831 1288.0
16.882630396 1304.0
16.908890961 1290.0
16.935151526 1261.0
16.961412091 1289.0
16.987672656 1316.0
17.013933221 1301.0
17.040193786 1330.0
17.066454351 1336.0
17.092714916 1345.0
17.118975481 1278.0
17.145236046 1251.0
17.171496611 1260.0
17.197757176 1309.0
17.224017741 1333.0
17.250278306 1311.0
17.276538871 1304.0
17.302799436 1340.0
17.329060001 1299.0
17.355320566 1355.0
17.381581131 1269.0
17.407841696 1291.0
17.434102261 1316.0
17.460362826 1285.0
17.486623391 1325.0
17.512883956 1308.0
17.539144521 1301.0
17.565405086 1291.0
17.591665651 1310.0
17.617926216 1325.0
17.644186781 1327.0
17.670447346 1308.0
17.696707911 1304.0
17.722968476 1354.0
17.749229041 1243.0
17.775489606 1258.0
17.801750171 1319.0
17.828010736 1335.0
17.854271301 1336.0
17.880531866 1290.0
17.906792431 1252.0
17.933052996 1357.0
17.959313561 1348.0
17.985574126 1303.0
18.011834691 1308.0
18.038095256 1299.0
18.064355821 1348.0
18.090616386 1389.0
18.116876951 1366.0
18.143137516 1334.0
18.169398081 1339.0
18.195658646 1361.0
18.221919211 1381.0
18.248179776 1399.0
18.274440341 1435.0
18.300700906 1411.0
18.326961471 1442.0
18.353222036 1581.0
18.379482601 1510.0
18.405743166 1543.0
18.432003731 1465.0
18.458264296 1549.0
18.484524861 1517.0
18.510785426 1557.0
18.537045991 1552.0
18.563306556 1588.0
18.589567121 1516.0
18.615827686 1535.0
18.642088251 1490.0
18.668348816 1489.0
18.694609381 1465.0
18.720869946 1397.0
18.747130511 1350.0
18.773391076 1397.0
18.799651641 1343.0
18.825912206 1378.0
18.852172771 1356.0
18.878433336 1325.0
18.904693901 1421.0
18.930954466 1354.0
18.957215031 1458.0
18.983475596 1375.0
19.009736161 1389.0
19.035996726 1381.0
19.062257291 1386.0
19.088517856 1411.0
19.114778421 1437.0
19.141038986 1425.0
19.167299551 1433.0
19.193560116 1439.0
19.219820681 1487.0
19.246081246 1455.0
19.272341811 1465.0
19.298602376 1544.0
19.324862941 1572.0
19.351123506 1624.0
19.377384071 1634.0
19.403644636 1570.0
19.429905201 1661.0
19.456165766 1653.0
19.482426331 1676.0
19.508686896 1639.0
19.534947462 1750.0
19.561208027 1644.0
19.587468592 1763.0
19.613729157 1806.0
19.639989722 1799.0
19.666250287 1898.0
19.692510852 1848.0
19.718771417 1873.0
19.745031982 1821.0
19.771292547 1924.0
19.797553112 1835.0
19.823813677 1813.0
19.850074242 1861.0
19.876334807 1794.0
19.902595372 1972.0
19.928855937 1909.0
19.955116502 2068.0
19.981377067 2219.0
20.007637632 2284.0
20.033898197 2459.0
20.060158762 2629.0
20.086419327 2757.0
20.112679892 3233.0
20.138940457 3808.0
20.165201022 4649.0
20.191461587 5661.0
20.217722152 6720.0
20.243982717 7479.0
20.270243282 8044.0
20.296503847 8819.0
20.322764412 9269.0
20.349024977 9689.0
20.375285542 10252.0
20.401546107 10998.0
20.427806672 12111.0
20.454067237 13298.0
20.480327802 14046.0
20.506588367 14666.0
20.532848932 14970.0
20.559109497 16246.0
20.585370062 16640.0
20.611630627 14558.0
20.637891192 14502.0
20.664151757 14277.0
20.690412322 13092.0
20.716672887 14028.0
20.742933452 16632.0
20.769194017 14729.0
20.795454582 11755.0
20.821715147 9310.0
20.847975712 8030.0
20.874236277 7514.0
20.900496842 7244.0
20.926757407 7042.0
20.953017972 7025.0
20.979278537 7088.0
21.005539102 7234.0
21.031799667 7708.0
21.058060232 8106.0
21.084320797 9071.0
21.110581362 9985.0
21.136841927 11508.0
21.163102492 14820.0
21.189363057 20788.0
21.215623622 30233.0
21.241884187 42415.0
21.268144752 57032.0
21.294405317 71025.0
21.320665882 83614.0
21.346926447 93870.0
21.373187012 100843.0
21.399447577 104000.0
21.425708142 104873.0
21.451968707 105612.0
21.478229272 104019.0
21.504489837 100805.0
21.530750402 96276.0
21.557010967 87720.0
21.583271532 77418.0
21.609532097 65491.0
21.635792662 52784.0
21.662053227 41887.0
21.688313792 34348.0
21.714574357 29724.0
21.740834922 27652.0
21.767095487 26426.0
21.793356052 26669.0
21.819616617 26336.0
21.845877182 22968.0
21.872137747 18560.0
21.898398312 16173.0
21.924658877 14428.0
21.950919442 14125.0
21.977180007 16623.0
22.003440572 19139.0
22.029701137 17578.0
22.055961702 16056.0
22.082222267 15613.0
22.108482832 16039.0
22.134743397 17215.0
22.161003962 18611.0
22.187264527 19653.0
22.213525092 22927.0
22.239785657 31386.0
22.266046222 49525.0
22.292306787 81881.0
22.318567352 128748.0
22.344827917 190530.0
22.371088482 257827.0
22.397349047 321880.0
22.423609612 376243.0
22.449870177 411568.0
22.476130742 427360.0
22.502391307 427069.0
22.528651873 411583.0
22.554912438 387934.0
22.581173003 356459.0
22.607433568 323902.0
22.633694133 288596.0
22.659954698 264354.0
22.686215263 255286.0
22.712475828 251966.0
22.738736393 379344.0
22.764996958 2179082.0
22.791257523 4980871.0
22.817518088 3110105.0
22.843778653 4203445.0
22.870039218 3910786.0
22.896299783 1814263.0
22.922560348 1862880.0
22.948820913 3068799.0
22.975081478 3403803.0
23.001342043 2172141.0
23.027602608 2025442.0
23.053863173 898718.0
23.080123738 283982.0
23.106384303 108169.0
23.132644868 68656.0
23.158905433 56619.0
23.185165998 49441.0
23.211426563 45327.0
23.237687128 41892.0
23.263947693 38122.0
23.290208258 35414.0
23.316468823 34315.0
23.342729388 34794.0
23.368989953 38127.0
23.395250518 43960.0
23.421511083 53026.0
23.447771648 63176.0
23.474032213 73044.0
23.500292778 81881.0
23.526553343 87377.0
23.552813908 89329.0
23.579074473 87088.0
23.605335038 82375.0
23.631595603 73635.0
23.657856168 63981.0
23.684116733 53096.0
23.710377298 43008.0
23.736637863 33217.0
23.762898428 25442.0
23.789158993 19238.0
23.815419558 14626.0
23.841680123 11818.0
23.867940688 9716.0
23.894201253 8640.0
23.920461818 7872.0
23.946722383 7127.0
23.972982948 6492.0
23.999243513 6086.0
24.025504078 5455.0
24.051764643 5157.0
24.078025208 4872.0
24.104285773 4987.0
24.130546338 4609.0
24.156806903 4350.0
24.183067468 4190.0
24.209328033 3963.0
24.235588598 3922.0
24.261849163 3733.0
24.288109728 3773.0
24.314370293 3797.0
24.340630858 3699.0
24.366891423 3506.0
24.393151988 3384.0
24.419412553 3258.0
24.445673118 3338.0
24.471933683 3476.0
24.498194248 3540.0
24.524454813 3903.0
24.550715378 4003.0
24.576975943 4100.0
24.603236508 4090.0
24.629497073 3862.0
24.655757638 3586.0
24.682018203 3258.0
24.708278768 3078.0
24.734539333 2715.0
24.760799898 2483.0
24.787060463 2275.0
24.813321028 1974.0
24.839581593 1961.0
24.865842158 1800.0
24.892102723 1750.0
24.918363288 1704.0
24.944623853 1599.0
24.970884418 1623.0
24.997144983 1577.0
25.023405548 1554.0
25.049666113 1563.0
25.075926678 1495.0
25.102187243 1444.0
25.128447808 1470.0
25.154708373 1401.0
25.180968938 1407.0
25.207229503 1431.0
25.233490068 1383.0
25.259750633 1326.0
25.286011198 1339.0
25.312271763 1330.0
25.338532328 1281.0
25.364792893 1286.0
25.391053458 1254.0
25.417314023 1265.0
25.443574588 1242.0
25.469835153 1259.0
25.496095718 1214.0
25.522356284 1193.0
25.548616849 1247.0
25.574877414 1223.0
25.601137979 1203.0
25.627398544 1217.0
25.653659109 1155.0
25.679919674 1153.0
25.706180239 1200.0
25.732440804 1174.0
25.758701369 1129.0
25.784961934 1159.0
25.811222499 1106.0
25.837483064 1185.0
25.863743629 1115.0
25.890004194 1149.0
25.916264759 1165.0
25.942525324 1110.0
25.968785889 1059.0
25.995046454 1101.0
26.021307019 1109.0
26.047567584 1114.0
26.073828149 1106.0
26.100088714 1079.0
26.126349279 1068.0
26.152609844 1112.0
26.178870409 1044.0
26.205130974 1086.0
26.231391539 1065.0
26.257652104 1008.0
26.283912669 1031.0
26.310173234 1051.0
26.336433799 1091.0
26.362694364 1006.0
26.388954929 991.0
26.415215494 1015.0
26.441476059 983.0
26.467736624 957.0
26.493997189 994.0
26.520257754 1008.0
26.546518319 952.0
26.572778884 984.0
26.599039449 932.0
26.625300014 917.0
26.651560579 941.0
26.677821144 927.0
26.704081709 980.0
26.730342274 946.0
26.756602839 904.0
26.782863404 911.0
26.809123969 958.0
26.835384534 939.0
26.861645099 929.0
26.887905664 968.0
26.914166229 930.0
26.940426794 901.0
26.966687359 878.0
26.992947924 895.0
27.019208489 926.0
27.045469054 839.0
27.071729619 906.0
27.097990184 900.0
27.124250749 893.0
27.150511314 854.0
27.176771879 835.0
27.203032444 842.0
27.229293009 866.0
27.255553574 903.0
27.281814139 878.0
27.308074704 839.0
27.334335269 887.0
27.360595834 869.0
27.386856399 849.0
27.413116964 781.0
27.439377529 817.0
27.465638094 816.0
27.491898659 820.0
27.518159224 796.0
27.544419789 762.0
27.570680354 792.0
27.596940919 825.0
27.623201484 782.0
27.649462049 775.0
27.675722614 770.0
27.701983179 839.0
27.728243744 783.0
27.754504309 820.0
27.780764874 774.0
27.807025439 754.0
27.833286004 763.0
27.859546569 797.0
27.885807134 748.0
27.912067699 725.0
27.938328264 741.0
27.964588829 757.0
27.990849394 732.0
28.017109959 750.0
28.043370524 807.0
28.069631089 729.0
28.095891654 754.0
28.122152219 695.0
28.148412784 760.0
28.174673349 726.0
28.200933914 756.0
28.227194479 709.0
28.253455044 660.0
28.279715609 756.0
28.305976174 678.0
28.332236739 769.0
28.358497304 709.0
28.384757869 720.0
28.411018434 726.0
28.437278999 704.0
28.463539564 719.0
28.489800129 680.0
28.516060695 683.0
28.542321260 697.0
28.568581825 755.0
28.594842390 675.0
28.621102955 691.0
28.647363520 657.0
28.673624085 682.0
28.699884650 700.0
28.726145215 669.0
28.752405780 683.0
28.778666345 633.0
28.804926910 704.0
28.831187475 644.0
28.857448040 692.0
28.883708605 603.0
28.909969170 659.0
28.936229735 696.0
28.962490300 597.0
28.988750865 655.0
29.015011430 712.0
29.041271995 616.0
29.067532560 610.0
29.093793125 622.0
29.120053690 671.0
29.146314255 646.0
29.172574820 646.0
29.198835385 646.0
29.225095950 637.0
29.251356515 646.0
29.277617080 684.0
29.303877645 668.0
29.330138210 622.0
29.356398775 643.0
29.382659340 623.0
29.408919905 671.0
29.435180470 633.0
29.461441035 671.0
29.487701600 620.0
29.513962165 661.0
29.540222730 583.0
29.566483295 664.0
29.592743860 631.0
29.619004425 690.0
29.645264990 676.0
29.671525555 676.0
29.697786120 670.0
29.724046685 674.0
29.750307250 641.0
29.776567815 664.0
29.802828380 602.0
29.829088945 684.0
29.855349510 660.0
29.881610075 623.0
29.907870640 633.0
29.934131205 661.0
29.960391770 586.0
29.986652335 653.0
30.012912900 619.0
30.039173465 633.0
30.065434030 629.0
30.091694595 645.0
30.117955160 605.0
30.144215725 670.0
30.170476290 593.0
30.196736855 629.0
30.222997420 637.0
30.249257985 650.0
30.275518550 660.0
30.301779115 588.0
30.328039680 607.0
30.354300245 649.0
30.380560810 614.0
30.406821375 620.0
30.433081940 635.0
30.459342505 644.0
30.485603070 642.0
30.511863635 621.0
30.538124200 597.0
30.564384765 625.0
30.590645330 661.0
30.616905895 617.0
30.643166460 606.0
30.669427025 628.0
30.695687590 564.0
30.721948155 571.0
30.748208720 618.0
30.774469285 618.0
30.800729850 580.0
30.826990415 611.0
30.853250980 634.0
30.879511545 651.0
30.905772110 605.0
30.932032675 556.0
30.958293240 562.0
30.984553805 617.0
31.010814370 598.0
31.037074935 595.0
31.063335500 592.0
31.089596065 552.0
31.115856630 646.0
31.142117195 610.0
31.168377760 627.0
31.194638325 599.0
31.220898890 616.0
31.247159455 587.0
31.273420020 579.0
31.299680585 612.0
31.325941150 657.0
31.352201715 585.0
31.378462280 561.0
31.404722845 615.0
31.430983410 566.0
31.457243975 623.0
31.483504540 597.0
31.509765105 583.0
31.536025671 567.0
31.562286236 609.0
31.588546801 613.0
31.614807366 566.0
31.641067931 585.0
31.667328496 597.0
31.693589061 611.0
31.719849626 560.0
31.746110191 590.0
31.772370756 599.0
31.798631321 630.0
31.824891886 587.0
31.851152451 574.0
31.877413016 542.0
31.903673581 566.0
31.929934146 542.0
31.956194711 587.0
31.982455276 549.0
32.008715841 573.0
32.034976406 588.0
32.061236971 528.0
32.087497536 554.0
32.113758101 574.0
32.140018666 574.0
32.166279231 539.0
32.192539796 545.0
32.218800361 559.0
32.245060926 555.0
32.271321491 575.0
32.297582056 570.0
32.323842621 544.0
32.350103186 524.0
32.376363751 564.0
32.402624316 566.0
32.428884881 555.0
32.455145446 612.0
32.481406011 596.0
32.507666576 613.0
32.533927141 583.0
32.560187706 598.0
32.586448271 604.0
32.612708836 602.0
32.638969401 576.0
32.665229966 561.0
32.691490531 566.0
32.717751096 547.0
32.744011661 597.0
32.770272226 574.0
32.796532791 539.0
32.822793356 544.0
32.849053921 580.0
32.875314486 541.0
32.901575051 557.0
32.927835616 566.0
32.954096181 549.0
32.980356746 508.0
33.006617311 545.0
33.032877876 550.0
33.059138441 539.0
33.085399006 469.0
33.111659571 539.0
33.137920136 530.0
33.164180701 538.0
33.190441266 548.0
33.216701831 471.0
33.242962396 523.0
33.269222961 517.0
33.295483526 562.0
33.321744091 506.0
33.348004656 570.0
33.374265221 564.0
33.400525786 503.0
33.426786351 528.0
33.453046916 507.0
33.479307481 504.0
33.505568046 518.0
33.531828611 505.0
33.558089176 540.0
33.584349741 544.0
33.610610306 534.0
33.636870871 457.0
33.663131436 479.0
33.689392001 535.0
33.715652566 508.0
33.741913131 483.0
33.768173696 510.0
33.794434261 491.0
33.820694826 512.0
33.846955391 517.0
33.873215956 498.0
33.899476521 520.0
33.925737086 493.0
33.951997651 540.0
33.978258216 513.0
34.004518781 541.0
34.030779346 491.0
34.057039911 545.0
34.083300476 530.0
34.109561041 554.0
34.135821606 572.0
34.162082171 545.0
34.188342736 526.0
34.214603301 529.0
34.240863866 540.0
34.267124431 508.0
34.293384996 491.0
34.319645561 567.0
34.345906126 525.0
34.372166691 555.0
34.398427256 512.0
34.424687821 542.0
34.450948386 496.0
34.477208951 483.0
34.503469516 496.0
34.529730082 545.0
34.555990647 510.0
34.582251212 494.0
34.608511777 542.0
34.634772342 534.0
34.661032907 495.0
34.687293472 484.0
34.713554037 502.0
34.739814602 508.0
34.766075167 453.0
34.792335732 540.0
34.818596297 496.0
34.844856862 540.0
34.871117427 505.0
34.897377992 485.0
34.923638557 498.0
34.949899122 515.0
34.976159687 524.0
35.002420252 507.0
35.028680817 451.0
35.054941382 500.0
35.081201947 463.0
35.107462512 495.0
35.133723077 508.0
35.159983642 484.0
35.186244207 460.0
35.212504772 465.0
35.238765337 463.0
35.265025902 460.0
35.291286467 418.0
35.317547032 532.0
35.343807597 525.0
35.370068162 526.0
35.396328727 514.0
35.422589292 516.0
35.448849857 541.0
35.475110422 506.0
35.501370987 530.0
35.527631552 477.0
35.553892117 539.0
35.580152682 494.0
35.606413247 473.0
35.632673812 456.0
35.658934377 476.0
35.685194942 521.0
35.711455507 533.0
35.737716072 477.0
35.763976637 486.0
35.790237202 547.0
35.816497767 495.0
35.842758332 525.0
35.869018897 497.0
35.895279462 552.0
35.921540027 501.0
35.947800592 503.0
35.974061157 505.0
36.000321722 445.0
36.026582287 488.0
36.052842852 580.0
36.079103417 502.0
36.105363982 495.0
36.131624547 554.0
36.157885112 548.0
36.184145677 545.0
36.210406242 500.0
36.236666807 531.0
36.262927372 551.0
36.289187937 540.0
36.315448502 498.0
36.341709067 484.0
36.367969632 495.0
36.394230197 444.0
36.420490762 489.0
36.446751327 462.0
36.473011892 448.0
36.499272457 490.0
36.525533022 479.0
36.551793587 503.0
36.578054152 457.0
36.604314717 470.0
36.630575282 430.0
36.656835847 466.0
36.683096412 458.0
36.709356977 484.0
36.735617542 506.0
36.761878107 500.0
36.788138672 509.0
36.814399237 462.0
36.840659802 452.0
36.866920367 450.0
36.893180932 506.0
36.919441497 525.0
36.945702062 495.0
36.971962627 467.0
36.998223192 468.0
37.024483757 513.0
37.050744322 507.0
37.077004887 469.0
37.103265452 505.0
37.129526017 481.0
37.155786582 490.0
37.182047147 515.0
37.208307712 558.0
37.234568277 557.0
37.260828842 610.0
37.287089407 613.0
37.313349972 629.0
37.339610537 625.0
37.365871102 646.0
37.392131667 593.0
37.418392232 645.0
37.444652797 566.0
37.470913362 509.0
37.497173927 496.0
37.523434493 490.0
37.549695058 546.0
37.575955623 463.0
37.602216188 524.0
37.628476753 509.0
37.654737318 482.0
37.680997883 559.0
37.707258448 523.0
37.733519013 553.0
37.759779578 562.0
37.786040143 543.0
37.812300708 557.0
37.838561273 599.0
37.864821838 561.0
37.891082403 608.0
37.917342968 584.0
37.943603533 585.0
37.969864098 636.0
37.996124663 520.0
38.022385228 572.0
38.048645793 575.0
38.074906358 524.0
38.101166923 590.0
38.127427488 573.0
38.153688053 597.0
38.179948618 584.0
38.206209183 609.0
38.232469748 572.0
38.258730313 578.0
38.284990878 591.0
38.311251443 681.0
38.337512008 748.0
38.363772573 877.0
38.390033138 930.0
38.416293703 1053.0
38.442554268 1141.0
38.468814833 1059.0
38.495075398 1049.0
38.521335963 1181.0
38.547596528 1165.0
38.573857093 1003.0
38.600117658 767.0
38.626378223 745.0
38.652638788 656.0
38.678899353 648.0
38.705159918 587.0
38.731420483 647.0
38.757681048 559.0
38.783941613 637.0
38.810202178 607.0
38.836462743 545.0
38.862723308 581.0
38.888983873 576.0
38.915244438 604.0
38.941505003 633.0
38.967765568 662.0
38.994026133 602.0
39.020286698 670.0
39.046547263 654.0
39.072807828 702.0
39.099068393 695.0
39.125328958 727.0
39.151589523 740.0
39.177850088 711.0
39.204110653 735.0
39.230371218 743.0
39.256631783 777.0
39.282892348 735.0
39.309152913 703.0
39.335413478 729.0
39.361674043 695.0
39.387934608 715.0
39.414195173 762.0
39.440455738 738.0
39.466716303 745.0
39.492976868 716.0
39.519237433 756.0
39.545497998 801.0
39.571758563 799.0
39.598019128 752.0
39.624279693 737.0
39.650540258 753.0
39.676800823 699.0
39.703061388 740.0
39.729321953 721.0
39.755582518 744.0
39.781843083 724.0
39.808103648 678.0
39.834364213 726.0
39.860624778 777.0
39.886885343 776.0
39.913145908 740.0
39.939406473 806.0
39.965667038 791.0
39.991927603 801.0
40.018188168 879.0
40.044448733 967.0
40.070709298 1035.0
40.096969863 1100.0
40.123230428 1082.0
40.149490993 1179.0
40.175751558 1250.0
40.202012123 1251.0
40.228272688 1259.0
40.254533253 1348.0
40.280793818 1345.0
40.307054383 1501.0
40.333314948 1515.0
40.359575513 1678.0
40.385836078 1682.0
40.412096643 1753.0
40.438357208 1875.0
40.464617773 1909.0
40.490878338 2015.0
40.517138904 2043.0
40.543399469 2050.0
40.569660034 2054.0
40.595920599 2213.0
40.622181164 2128.0
40.648441729 1979.0
40.674702294 1896.0
40.700962859 1836.0
40.727223424 1647.0
40.753483989 1558.0
40.779744554 1469.0
40.806005119 1350.0
40.832265684 1190.0
40.858526249 1219.0
40.884786814 1140.0
40.911047379 1073.0
40.937307944 1071.0
40.963568509 1054.0
40.989829074 1091.0
41.016089639 995.0
41.042350204 1018.0
41.068610769 1056.0
41.094871334 1087.0
41.121131899 1108.0
41.147392464 1147.0
41.173653029 1154.0
41.199913594 1096.0
41.226174159 1152.0
41.252434724 1175.0
41.278695289 1151.0
41.304955854 1189.0
41.331216419 1217.0
41.357476984 1189.0
41.383737549 1158.0
41.409998114 1285.0
41.436258679 1356.0
41.462519244 1421.0
41.488779809 1538.0
41.515040374 1668.0
41.541300939 1818.0
41.567561504 1805.0
41.593822069 2006.0
41.620082634 2252.0
41.646343199 2334.0
41.672603764 2338.0
41.698864329 2496.0
41.725124894 2735.0
41.751385459 4058.0
41.777646024 8007.0
41.803906589 13216.0
41.830167154 13353.0
41.856427719 19979.0
41.882688284 25699.0
41.908948849 20632.0
41.935209414 20239.0
41.961469979 35506.0
41.987730544 40583.0
42.013991109 26443.0
42.040251674 14589.0
42.066512239 8465.0
42.092772804 6202.0
42.119033369 5384.0
42.145293934 5262.0
42.171554499 5139.0
42.197815064 5219.0
42.224075629 5436.0
42.250336194 5629.0
42.276596759 6288.0
42.302857324 6451.0
42.329117889 7208.0
42.355378454 7787.0
42.381639019 8570.0
42.407899584 9602.0
42.434160149 10674.0
42.460420714 12272.0
42.486681279 14170.0
42.512941844 16104.0
42.539202409 18181.0
42.565462974 20688.0
42.591723539 23538.0
42.617984104 25777.0
42.644244669 28473.0
42.670505234 31112.0
42.696765799 33024.0
42.723026364 35275.0
42.749286929 36448.0
42.775547494 37665.0
42.801808059 37313.0
42.828068624 36765.0
42.854329189 34980.0
42.880589754 32703.0
42.906850319 30087.0
42.933110884 27066.0
42.959371449 24308.0
42.985632014 21809.0
43.011892579 19706.0
43.038153144 18099.0
43.064413709 17394.0
43.090674274 16843.0
43.116934839 17039.0
43.143195404 17773.0
43.169455969 18845.0
43.195716534 19972.0
43.221977099 22011.0
43.248237664 24585.0
43.274498229 28105.0
43.300758794 31643.0
43.327019359 36270.0
43.353279924 41777.0
43.379540489 48600.0
43.405801054 55317.0
43.432061619 62538.0
43.458322184 69650.0
43.484582749 77414.0
43.510843315 83111.0
43.537103880 89662.0
43.563364445 94862.0
43.589625010 99433.0
43.615885575 104516.0
43.642146140 107921.0
43.668406705 110891.0
43.694667270 113371.0
43.720927835 115163.0
43.747188400 117071.0
43.773448965 118883.0
43.799709530 120909.0
43.825970095 122239.0
43.852230660 122905.0
43.878491225 122089.0
43.904751790 119116.0
43.931012355 113699.0
43.957272920 105448.0
43.983533485 95956.0
44.009794050 85171.0
44.036054615 74553.0
44.062315180 64305.0
44.088575745 55749.0
44.114836310 48798.0
44.141096875 43593.0
44.167357440 40392.0
44.193618005 38419.0
44.219878570 37935.0
44.246139135 38466.0
44.272399700 39848.0
44.298660265 41793.0
44.324920830 44467.0
44.351181395 49176.0
44.377441960 54728.0
44.403702525 64219.0
44.429963090 76912.0
44.456223655 94062.0
44.482484220 112760.0
44.508744785 136084.0
44.535005350 160446.0
44.561265915 179691.0
44.587526480 199208.0
44.613787045 224266.0
44.640047610 241112.0
44.666308175 242458.0
44.692568740 236412.0
44.718829305 230685.0
44.745089870 220955.0
44.771350435 209218.0
44.797611000 194289.0
44.823871565 178195.0
44.850132130 162888.0
44.876392695 148810.0
44.902653260 135369.0
44.928913825 125072.0
44.955174390 117750.0
44.981434955 111328.0
45.007695520 102812.0
45.033956085 93649.0
45.060216650 83988.0
45.086477215 75808.0
45.112737780 66592.0
45.138998345 58144.0
45.165258910 50584.0
45.191519475 44605.0
45.217780040 39111.0
45.244040605 35119.0
45.270301170 32629.0
45.296561735 30983.0
45.322822300 30830.0
45.349082865 30818.0
45.375343430 31604.0
45.401603995 32264.0
45.427864560 32937.0
45.454125125 34244.0
45.480385690 35794.0
45.506646255 38119.0
45.532906820 41996.0
45.559167385 46583.0
45.585427950 52649.0
45.611688515 59984.0
45.637949080 68762.0
45.664209645 78442.0
45.690470210 88062.0
45.716730775 97573.0
45.742991340 105313.0
45.769251905 111991.0
45.795512470 116908.0
45.821773035 118672.0
45.848033600 118423.0
45.874294165 116969.0
45.900554730 113591.0
45.926815295 108012.0
45.953075860 103675.0
45.979336425 97564.0
46.005596990 94702.0
46.031857555 92513.0
46.058118120 91301.0
46.084378685 91474.0
46.110639250 94763.0
46.136899815 99830.0
46.163160380 105259.0
46.189420945 114287.0
46.215681510 128298.0
46.241942075 150111.0
46.268202640 182560.0
46.294463205 222291.0
46.320723770 272149.0
46.346984335 341673.0
46.373244900 420568.0
46.399505465 539673.0
46.425766030 809587.0
46.452026595 1631289.0
46.478287160 5644919.0
46.504547725 9155989.0
46.530808291 7019673.0
46.557068856 9717468.0
46.583329421 13181447.0
46.609589986 13884385.0
46.635850551 12182816.0
46.662111116 14819131.0
46.688371681 19809696.0
46.714632246 17015114.0
46.740892811 8327468.0
46.767153376 6881813.0
46.793413941 9301059.0
46.819674506 8931699.0
46.845935071 4527280.0
46.872195636 1993636.0
46.898456201 1117820.0
46.924716766 838463.0
46.950977331 704600.0
46.977237896 611171.0
47.003498461 533985.0
47.029759026 466046.0
47.056019591 407547.0
47.082280156 353831.0
47.108540721 309097.0
47.134801286 269322.0
47.161061851 236717.0
47.187322416 210253.0
47.213582981 190047.0
47.239843546 173380.0
47.266104111 159875.0
47.292364676 147413.0
47.318625241 138013.0
47.344885806 130457.0
47.371146371 122784.0
47.397406936 116977.0
47.423667501 112090.0
47.449928066 107119.0
47.476188631 102276.0
47.502449196 98052.0
47.528709761 94950.0
47.554970326 92068.0
47.581230891 89534.0
47.607491456 87460.0
47.633752021 86478.0
47.660012586 85225.0
47.686273151 84037.0
47.712533716 84039.0
47.738794281 84956.0
47.765054846 85792.0
47.791315411 88331.0
47.817575976 92882.0
47.843836541 97854.0
47.870097106 105102.0
47.896357671 112787.0
47.922618236 120916.0
47.948878801 129129.0
47.975139366 134737.0
48.001399931 139825.0
48.027660496 140668.0
48.053921061 139706.0
48.080181626 135626.0
48.106442191 128038.0
48.132702756 118962.0
48.158963321 107635.0
48.185223886 95864.0
48.211484451 83827.0
48.237745016 71597.0
48.264005581 61437.0
48.290266146 52505.0
48.316526711 43848.0
48.342787276 37253.0
48.369047841 31950.0
48.395308406 27719.0
48.421568971 24459.0
48.447829536 21919.0
48.474090101 19943.0
48.500350666 18272.0
48.526611231 16880.0
48.552871796 15836.0
48.579132361 15059.0
48.605392926 14254.0
48.631653491 13419.0
48.657914056 12986.0
48.684174621 12649.0
48.710435186 11969.0
48.736695751 11824.0
48.762956316 11348.0
48.789216881 11013.0
48.815477446 10678.0
48.841738011 10691.0
48.867998576 10436.0
48.894259141 10213.0
48.920519706 10196.0
48.946780271 10007.0
48.973040836 10055.0
48.999301401 10173.0
49.025561966 9960.0
49.051822531 10375.0
49.078083096 10094.0
49.104343661 10092.0
49.130604226 9996.0
49.156864791 9925.0
49.183125356 9606.0
49.209385921 9331.0
49.235646486 9107.0
49.261907051 8676.0
49.288167616 8452.0
49.314428181 7820.0
49.340688746 7377.0
49.366949311 6922.0
49.393209876 6630.0
49.419470441 6138.0
49.445731006 6088.0
49.471991571 5695.0
49.498252136 5501.0
49.524512702 5385.0
49.550773267 5121.0
49.577033832 5102.0
49.603294397 4953.0
49.629554962 4720.0
49.655815527 4861.0
49.682076092 4598.0
49.708336657 4592.0
49.734597222 4683.0
49.760857787 4501.0
49.787118352 4556.0
49.813378917 4465.0
49.839639482 4559.0
49.865900047 4500.0
49.892160612 4512.0
49.918421177 4511.0
49.944681742 4480.0
49.970942307 4406.0
49.997202872 4428.0
50.023463437 4350.0
50.049724002 4259.0
50.075984567 4216.0
50.102245132 4169.0
50.128505697 4064.0
50.154766262 4151.0
50.181026827 4188.0
50.207287392 4048.0
50.233547957 4022.0
50.259808522 4167.0
50.286069087 4328.0
50.312329652 4131.0
50.338590217 4161.0
50.364850782 4068.0
50.391111347 4197.0
50.417371912 4153.0
50.443632477 4116.0
50.469893042 4057.0
50.496153607 3988.0
50.522414172 3820.0
50.548674737 3501.0
50.574935302 3431.0
50.601195867 3302.0
50.627456432 3369.0
50.653716997 3257.0
50.679977562 3132.0
50.706238127 3011.0
50.732498692 3091.0
50.758759257 2934.0
50.785019822 2899.0
50.811280387 2841.0
50.837540952 2956.0
50.863801517 2916.0
50.890062082 2933.0
50.916322647 3092.0
50.942583212 3084.0
50.968843777 3315.0
50.995104342 3316.0
51.021364907 3350.0
51.047625472 3497.0
51.073886037 3322.0
51.100146602 3410.0
51.126407167 3310.0
51.152667732 3248.0
51.178928297 3084.0
51.205188862 2892.0
51.231449427 2699.0
51.257709992 2630.0
51.283970557 2515.0
51.310231122 2531.0
51.336491687 2463.0
51.362752252 2340.0
51.389012817 2377.0
51.415273382 2171.0
51.441533947 2315.0
51.467794512 2250.0
51.494055077 2186.0
51.520315642 2131.0
51.546576207 2164.0
51.572836772 2139.0
51.599097337 2089.0
51.625357902 2082.0
51.651618467 2091.0
51.677879032 2035.0
51.704139597 2107.0
51.730400162 2059.0
51.756660727 2094.0
51.782921292 2021.0
51.809181857 1986.0
51.835442422 2092.0
51.861702987 2001.0
51.887963552 2038.0
51.914224117 1995.0
51.940484682 1999.0
51.966745247 1984.0
51.993005812 1988.0
52.019266377 2020.0
52.045526942 1935.0
52.071787507 1943.0
52.098048072 1889.0
52.124308637 1919.0
52.150569202 1860.0
52.176829767 1867.0
52.203090332 1821.0
52.229350897 1828.0
52.255611462 1838.0
52.281872027 1812.0
52.308132592 1892.0
52.334393157 1816.0
52.360653722 1821.0
52.386914287 1808.0
52.413174852 1771.0
52.439435417 1752.0
52.465695982 1753.0
52.491956547 1725.0
52.518217113 1736.0
52.544477678 1761.0
52.570738243 1746.0
52.596998808 1699.0
52.623259373 1658.0
52.649519938 1677.0
52.675780503 1676.0
52.702041068 1728.0
52.728301633 1598.0
52.754562198 1642.0
52.780822763 1638.0
52.807083328 1483.0
52.833343893 1642.0
52.859604458 1584.0
52.885865023 1565.0
52.912125588 1541.0
52.938386153 1529.0
52.964646718 1567.0
52.990907283 1517.0
53.017167848 1500.0
53.043428413 1448.0
53.069688978 1397.0
53.095949543 1466.0
53.122210108 1354.0
53.148470673 1395.0
53.174731238 1420.0
53.200991803 1385.0
53.227252368 1441.0
53.253512933 1444.0
53.279773498 1405.0
53.306034063 1453.0
53.332294628 1456.0
53.358555193 1506.0
53.384815758 1465.0
53.411076323 1440.0
53.437336888 1365.0
53.463597453 1443.0
53.489858018 1400.0
53.516118583 1360.0
53.542379148 1394.0
53.568639713 1397.0
53.594900278 1421.0
53.621160843 1357.0
53.647421408 1338.0
53.673681973 1306.0
53.699942538 1375.0
53.726203103 1364.0
53.752463668 1288.0
53.778724233 1285.0
53.804984798 1308.0
53.831245363 1292.0
53.857505928 1278.0
53.883766493 1312.0
53.910027058 1319.0
53.936287623 1202.0
53.962548188 1261.0
53.988808753 1250.0
54.015069318 1171.0
54.041329883 1211.0
54.067590448 1252.0
54.093851013 1201.0
54.120111578 1190.0
54.146372143 1167.0
54.172632708 1276.0
54.198893273 1247.0
54.225153838 1172.0
54.251414403 1199.0
54.277674968 1173.0
54.303935533 1130.0
54.330196098 1164.0
54.356456663 1159.0
54.382717228 1117.0
54.408977793 1164.0
54.435238358 1074.0
54.461498923 1106.0
54.487759488 1095.0
54.514020053 1142.0
54.540280618 1092.0
54.566541183 1125.0
54.592801748 1144.0
54.619062313 1137.0
54.645322878 1107.0
54.671583443 1038.0
54.697844008 1079.0
54.724104573 1022.0
54.750365138 1047.0
54.776625703 1104.0
54.802886268 1032.0
54.829146833 1070.0
54.855407398 1038.0
54.881667963 1105.0
54.907928528 989.0
54.934189093 1048.0
54.960449658 1023.0
54.986710223 981.0
55.012970788 1006.0
55.039231353 954.0
55.065491918 1031.0
55.091752483 970.0
55.118013048 982.0
55.144273613 1005.0
55.170534178 970.0
55.196794743 925.0
55.223055308 931.0
55.249315873 933.0
55.275576438 953.0
55.301837003 906.0
55.328097568 943.0
55.354358133 917.0
55.380618698 907.0
55.406879263 918.0
55.433139828 875.0
55.459400393 858.0
55.485660958 943.0
55.511921524 938.0
55.538182089 882.0
55.564442654 862.0
55.590703219 941.0
55.616963784 856.0
55.643224349 905.0
55.669484914 893.0
55.695745479 853.0
55.722006044 952.0
55.748266609 880.0
55.774527174 827.0
55.800787739 856.0
55.827048304 827.0
55.853308869 866.0
55.879569434 849.0
55.905829999 883.0
55.932090564 831.0
55.958351129 830.0
55.984611694 818.0
56.010872259 842.0
56.037132824 823.0
56.063393389 764.0
56.089653954 765.0
56.115914519 799.0
56.142175084 769.0
56.168435649 791.0
56.194696214 797.0
56.220956779 788.0
56.247217344 771.0
56.273477909 818.0
56.299738474 784.0
56.325999039 709.0
56.352259604 706.0
56.378520169 731.0
56.404780734 740.0
56.431041299 707.0
56.457301864 721.0
56.483562429 754.0
56.509822994 716.0
56.536083559 722.0
56.562344124 667.0
56.588604689 734.0
56.614865254 736.0
56.641125819 678.0
56.667386384 747.0
56.693646949 687.0
56.719907514 716.0
56.746168079 726.0
56.772428644 611.0
56.798689209 666.0
56.824949774 655.0
56.851210339 713.0
56.877470904 674.0
56.903731469 690.0
56.929992034 634.0
56.956252599 638.0
56.982513164 646.0
57.008773729 611.0
57.035034294 664.0
57.061294859 653.0
57.087555424 648.0
57.113815989 648.0
57.140076554 614.0
57.166337119 640.0
57.192597684 606.0
57.218858249 630.0
57.245118814 656.0
57.271379379 564.0
57.297639944 619.0
57.323900509 617.0
57.350161074 557.0
57.376421639 590.0
57.402682204 587.0
57.428942769 587.0
57.455203334 617.0
57.481463899 593.0
57.507724464 570.0
57.533985029 587.0
57.560245594 606.0
57.586506159 586.0
57.612766724 570.0
57.639027289 549.0
57.665287854 592.0
57.691548419 531.0
57.717808984 562.0
57.744069549 555.0
57.770330114 547.0
57.796590679 554.0
57.822851244 563.0
57.849111809 521.0
57.875372374 472.0
57.901632939 590.0
57.927893504 558.0
57.954154069 525.0
57.980414634 535.0
58.006675199 505.0
58.032935764 564.0
58.059196329 513.0
58.085456894 521.0
58.111717459 514.0
58.137978024 521.0
58.164238589 488.0
58.190499154 488.0
58.216759719 545.0
58.243020284 501.0
58.269280849 525.0
58.295541414 555.0
58.321801979 469.0
58.348062544 472.0
58.374323109 518.0
58.400583674 490.0
58.426844239 448.0
58.453104804 496.0
58.479365369 493.0
58.505625935 462.0
58.531886500 444.0
58.558147065 518.0
58.584407630 482.0
58.610668195 531.0
58.636928760 506.0
58.663189325 535.0
58.689449890 593.0
58.715710455 621.0
58.741971020 651.0
58.768231585 667.0
58.794492150 743.0
58.820752715 768.0
58.847013280 687.0
58.873273845 552.0
58.899534410 508.0
58.925794975 508.0
58.952055540 494.0
58.978316105 487.0
59.004576670 454.0
59.030837235 454.0
59.057097800 438.0
59.083358365 463.0
59.109618930 471.0
59.135879495 428.0
59.162140060 487.0
59.188400625 442.0
59.214661190 437.0
59.240921755 431.0
59.267182320 438.0
59.293442885 443.0
59.319703450 426.0
59.345964015 424.0
59.372224580 397.0
59.398485145 478.0
59.424745710 418.0
59.451006275 422.0
59.477266840 413.0
59.503527405 412.0
59.529787970 432.0
59.556048535 427.0
59.582309100 393.0
59.608569665 450.0
59.634830230 443.0
59.661090795 411.0
59.687351360 418.0
59.713611925 371.0
59.739872490 418.0
59.766133055 421.0
59.792393620 419.0
59.818654185 390.0
59.844914750 395.0
59.871175315 406.0
59.897435880 387.0
59.923696445 390.0
59.949957010 348.0
59.976217575 418.0
60.002478140 381.0
60.028738705 377.0
60.054999270 369.0
60.081259835 359.0
60.107520400 411.0
60.133780965 395.0
60.160041530 414.0
60.186302095 425.0
60.212562660 362.0
60.238823225 368.0
60.265083790 405.0
60.291344355 354.0
60.317604920 367.0
60.343865485 364.0
60.370126050 413.0
60.396386615 390.0
60.422647180 344.0
60.448907745 386.0
60.475168310 365.0
60.501428875 380.0
60.527689440 358.0
60.553950005 371.0
60.580210570 378.0
60.606471135 373.0
60.632731700 433.0
60.658992265 397.0
60.685252830 381.0
60.711513395 356.0
60.737773960 395.0
60.764034525 333.0
60.790295090 362.0
60.816555655 385.0
60.842816220 385.0
60.869076785 371.0
60.895337350 396.0
60.921597915 387.0
60.947858480 366.0
60.974119045 344.0
61.000379610 367.0
61.026640175 372.0
61.052900740 387.0
61.079161305 359.0
61.105421870 351.0
61.131682435 359.0
61.157943000 338.0
61.184203565 358.0
61.210464130 338.0
61.236724695 358.0
61.262985260 390.0
61.289245825 364.0
61.315506390 381.0
61.341766955 356.0
61.368027520 366.0
61.394288085 287.0
61.420548650 363.0
61.446809215 358.0
61.473069780 374.0
61.499330345 326.0
61.525590911 339.0
61.551851476 364.0
61.578112041 369.0
61.604372606 344.0
61.630633171 338.0
61.656893736 368.0
61.683154301 350.0
61.709414866 354.0
61.735675431 352.0
61.761935996 374.0
61.788196561 357.0
61.814457126 394.0
61.840717691 352.0
61.866978256 354.0
61.893238821 351.0
61.919499386 353.0
61.945759951 332.0
61.972020516 379.0
61.998281081 353.0
62.024541646 316.0
62.050802211 347.0
62.077062776 331.0
62.103323341 342.0
62.129583906 331.0
62.155844471 341.0
62.182105036 365.0
62.208365601 328.0
62.234626166 338.0
62.260886731 377.0
62.287147296 378.0
62.313407861 333.0
62.339668426 343.0
62.365928991 344.0
62.392189556 345.0
62.418450121 341.0
62.444710686 313.0
62.470971251 371.0
62.497231816 369.0
62.523492381 361.0
62.549752946 346.0
62.576013511 340.0
62.602274076 347.0
62.628534641 335.0
62.654795206 316.0
62.681055771 347.0
62.707316336 311.0
62.733576901 341.0
62.759837466 318.0
62.786098031 297.0
62.812358596 302.0
62.838619161 327.0
62.864879726 327.0
62.891140291 330.0
62.917400856 327.0
62.943661421 311.0
62.969921986 298.0
62.996182551 347.0
63.022443116 334.0
63.048703681 289.0
63.074964246 319.0
63.101224811 295.0
63.127485376 321.0
63.153745941 324.0
63.180006506 336.0
63.206267071 310.0
63.232527636 310.0
63.258788201 300.0
63.285048766 289.0
63.311309331 356.0
63.337569896 347.0
63.363830461 327.0
63.390091026 344.0
63.416351591 347.0
63.442612156 335.0
63.468872721 308.0
63.495133286 327.0
63.521393851 324.0
63.547654416 312.0
63.573914981 326.0
63.600175546 318.0
63.626436111 312.0
63.652696676 325.0
63.678957241 326.0
63.705217806 313.0
63.731478371 335.0
63.757738936 331.0
63.783999501 327.0
63.810260066 320.0
63.836520631 318.0
63.862781196 310.0
63.889041761 300.0
63.915302326 318.0
63.941562891 317.0
63.967823456 311.0
63.994084021 336.0
64.020344586 324.0
64.046605151 311.0
64.072865716 295.0
64.099126281 286.0
64.125386846 345.0
64.151647411 330.0
64.177907976 321.0
64.204168541 341.0
64.230429106 307.0
64.256689671 348.0
64.282950236 303.0
64.309210801 315.0
64.335471366 336.0
64.361731931 313.0
64.387992496 307.0
64.414253061 318.0
64.440513626 338.0
64.466774191 286.0
64.493034756 281.0
64.519295322 335.0
64.545555887 305.0
64.571816452 305.0
64.598077017 319.0
64.624337582 367.0
64.650598147 365.0
64.676858712 454.0
64.703119277 573.0
64.729379842 626.0
64.755640407 710.0
64.781900972 733.0
64.808161537 690.0
64.834422102 887.0
64.860682667 1003.0
64.886943232 821.0
64.913203797 579.0
64.939464362 408.0
64.965724927 385.0
64.991985492 371.0
65.018246057 364.0
65.044506622 337.0
65.070767187 323.0
65.097027752 352.0
65.123288317 336.0
65.149548882 382.0
65.175809447 403.0
65.202070012 419.0
65.228330577 421.0
65.254591142 456.0
65.280851707 427.0
65.307112272 507.0
65.333372837 535.0
65.359633402 539.0
65.385893967 481.0
65.412154532 473.0
65.438415097 426.0
65.464675662 419.0
65.490936227 387.0
65.517196792 400.0
65.543457357 410.0
65.569717922 394.0
65.595978487 325.0
65.622239052 375.0
65.648499617 348.0
65.674760182 355.0
65.701020747 342.0
65.727281312 343.0
65.753541877 336.0
65.779802442 359.0
65.806063007 373.0
65.832323572 360.0
65.858584137 361.0
65.884844702 325.0
65.911105267 335.0
65.937365832 335.0
65.963626397 362.0
65.989886962 350.0
66.016147527 342.0
66.042408092 378.0
66.068668657 361.0
66.094929222 362.0
66.121189787 398.0
66.147450352 393.0
66.173710917 362.0
66.199971482 382.0
66.226232047 400.0
66.252492612 374.0
66.278753177 438.0
66.305013742 422.0
66.331274307 466.0
66.357534872 536.0
66.383795437 572.0
66.410056002 588.0
66.436316567 622.0
66.462577132 648.0
66.488837697 644.0
66.515098262 742.0
66.541358827 739.0
66.567619392 814.0
66.593879957 816.0
66.620140522 890.0
66.646401087 872.0
66.672661652 911.0
66.698922217 897.0
66.725182782 913.0
66.751443347 874.0
66.777703912 882.0
66.803964477 832.0
66.830225042 843.0
66.856485607 786.0
66.882746172 766.0
66.909006737 736.0
66.935267302 718.0
66.961527867 734.0
66.987788432 674.0
67.014048997 690.0
67.040309562 636.0
67.066570127 633.0
67.092830692 623.0
67.119091257 577.0
67.145351822 634.0
67.171612387 634.0
67.197872952 669.0
67.224133517 661.0
67.250394082 738.0
67.276654647 683.0
67.302915212 703.0
67.329175777 755.0
67.355436342 833.0
67.381696907 855.0
67.407957472 890.0
67.434218037 982.0
67.460478602 963.0
67.486739167 1081.0
67.512999733 1235.0
67.539260298 1251.0
67.565520863 1361.0
67.591781428 1497.0
67.618041993 1650.0
67.644302558 1812.0
67.670563123 1919.0
67.696823688 2198.0
67.723084253 2370.0
67.749344818 2496.0
67.775605383 2751.0
67.801865948 2941.0
67.828126513 3176.0
67.854387078 3171.0
67.880647643 3196.0
67.906908208 3154.0
67.933168773 3127.0
67.959429338 3145.0
67.985689903 3202.0
68.011950468 2936.0
68.038211033 2827.0
68.064471598 2536.0
68.090732163 2384.0
68.116992728 2248.0
68.143253293 2092.0
68.169513858 1976.0
68.195774423 1754.0
68.222034988 1605.0
68.248295553 1548.0
68.274556118 1508.0
68.300816683 1368.0
68.327077248 1350.0
68.353337813 1317.0
68.379598378 1213.0
68.405858943 1308.0
68.432119508 1325.0
68.458380073 1319.0
68.484640638 1391.0
68.510901203 1487.0
68.537161768 1570.0
68.563422333 1663.0
68.589682898 1742.0
68.615943463 1844.0
68.642204028 2034.0
68.668464593 1989.0
68.694725158 2111.0
68.720985723 2320.0
68.747246288 2357.0
68.773506853 2583.0
68.799767418 2567.0
68.826027983 2707.0
68.852288548 2863.0
68.878549113 2911.0
68.904809678 3049.0
68.931070243 3135.0
68.957330808 3319.0
68.983591373 3403.0
69.009851938 3568.0
69.036112503 3692.0
69.062373068 3725.0
69.088633633 3800.0
69.114894198 3894.0
69.141154763 3928.0
69.167415328 3857.0
69.193675893 3918.0
69.219936458 3711.0
69.246197023 3660.0
69.272457588 3435.0
69.298718153 3292.0
69.324978718 3049.0
69.351239283 2691.0
69.377499848 2339.0
69.403760413 2194.0
69.430020978 1975.0
69.456281543 1720.0
69.482542108 1695.0
69.508802673 1505.0
69.535063238 1353.0
69.561323803 1368.0
69.587584368 1333.0
69.613844933 1302.0
69.640105498 1280.0
69.666366063 1181.0
69.692626628 1263.0
69.718887193 1265.0
69.745147758 1335.0
69.771408323 1312.0
69.797668888 1426.0
69.823929453 1492.0
69.850190018 1530.0
69.876450583 1627.0
69.902711148 1726.0
69.928971713 1751.0
69.955232278 1849.0
69.981492843 1894.0
70.007753408 1856.0
70.034013973 1837.0
70.060274538 1833.0
70.086535103 1813.0
70.112795668 1847.0
70.139056233 1739.0
70.165316798 1661.0
70.191577363 1635.0
70.217837928 1604.0
70.244098493 1435.0
70.270359058 1484.0
70.296619623 1333.0
70.322880188 1326.0
70.349140753 1324.0
70.375401318 1164.0
70.401661883 1186.0
70.427922448 1109.0
70.454183013 1081.0
70.480443578 1054.0
70.506704144 914.0
70.532964709 942.0
70.559225274 884.0
70.585485839 846.0
70.611746404 793.0
70.638006969 742.0
70.664267534 757.0
70.690528099 742.0
70.716788664 716.0
70.743049229 719.0
70.769309794 649.0
70.795570359 614.0
70.821830924 682.0
70.848091489 685.0
70.874352054 643.0
70.900612619 619.0
70.926873184 629.0
70.953133749 699.0
70.979394314 680.0
71.005654879 741.0
71.031915444 722.0
71.058176009 778.0
71.084436574 827.0
71.110697139 833.0
71.136957704 851.0
71.163218269 904.0
71.189478834 930.0
71.215739399 849.0
71.241999964 969.0
71.268260529 938.0
71.294521094 966.0
71.320781659 1011.0
71.347042224 911.0
71.373302789 977.0
71.399563354 970.0
71.425823919 986.0
71.452084484 927.0
71.478345049 951.0
71.504605614 1000.0
71.530866179 1005.0
71.557126744 1023.0
71.583387309 1072.0
71.609647874 1081.0
71.635908439 1090.0
71.662169004 1091.0
71.688429569 1212.0
71.714690134 1106.0
71.740950699 1205.0
71.767211264 1164.0
71.793471829 1180.0
71.819732394 1245.0
71.845992959 1309.0
71.872253524 1293.0
71.898514089 1310.0
71.924774654 1389.0
71.951035219 1404.0
71.977295784 1499.0
72.003556349 1610.0
72.029816914 1608.0
72.056077479 1660.0
72.082338044 1801.0
72.108598609 1954.0
72.134859174 2171.0
72.161119739 2312.0
72.187380304 2664.0
72.213640869 3152.0
72.239901434 3742.0
72.266161999 4493.0
72.292422564 4941.0
72.318683129 5783.0
72.344943694 6482.0
72.371204259 7187.0
72.397464824 8255.0
72.423725389 9073.0
72.449985954 10478.0
72.476246519 12405.0
72.502507084 15800.0
72.528767649 23722.0
72.555028214 49537.0
72.581288779 116792.0
72.607549344 129697.0
72.633809909 192292.0
72.660070474 350642.0
72.686331039 296782.0
72.712591604 191506.0
72.738852169 284586.0
72.765112734 444384.0
72.791373299 344459.0
72.817633864 198680.0
72.843894429 158175.0
72.870154994 202733.0
72.896415559 173231.0
72.922676124 117599.0
72.948936689 153636.0
72.975197254 215419.0
73.001457819 152864.0
73.027718384 74589.0
73.053978949 34711.0
73.080239514 18762.0
73.106500079 12575.0
73.132760644 9538.0
73.159021209 8083.0
73.185281774 6827.0
73.211542339 6085.0
73.237802904 5470.0
73.264063469 5067.0
73.290324034 4556.0
73.316584599 4291.0
73.342845164 4077.0
73.369105729 4022.0
73.395366294 3749.0
73.421626859 3567.0
73.447887424 3624.0
73.474147989 3541.0
73.500408555 3519.0
73.526669120 3633.0
73.552929685 3703.0
73.579190250 3797.0
73.605450815 4088.0
73.631711380 4212.0
73.657971945 4471.0
73.684232510 4884.0
73.710493075 5150.0
73.736753640 5317.0
73.763014205 5524.0
73.789274770 5757.0
73.815535335 5868.0
73.841795900 5965.0
73.868056465 5964.0
73.894317030 5975.0
73.920577595 5870.0
73.946838160 5627.0
73.973098725 5346.0
73.999359290 5226.0
74.025619855 4857.0
74.051880420 4554.0
74.078140985 4347.0
74.104401550 4044.0
74.130662115 3619.0
74.156922680 3296.0
74.183183245 3060.0
74.209443810 2901.0
74.235704375 2484.0
74.261964940 2339.0
74.288225505 2199.0
74.314486070 1995.0
74.340746635 1875.0
74.367007200 1746.0
74.393267765 1648.0
74.419528330 1541.0
74.445788895 1508.0
74.472049460 1510.0
74.498310025 1462.0
74.524570590 1411.0
74.550831155 1403.0
74.577091720 1369.0
74.603352285 1366.0
74.629612850 1341.0
74.655873415 1328.0
74.682133980 1293.0
74.708394545 1340.0
74.734655110 1265.0
74.760915675 1326.0
74.787176240 1346.0
74.813436805 1434.0
74.839697370 1411.0
74.865957935 1396.0
74.892218500 1484.0
74.918479065 1530.0
74.944739630 1539.0
74.971000195 1574.0
74.997260760 1665.0
75.023521325 1706.0
75.049781890 1693.0
75.076042455 1711.0
75.102303020 1776.0
75.128563585 1800.0
75.154824150 1726.0
75.181084715 1764.0
75.207345280 1618.0
75.233605845 1613.0
75.259866410 1545.0
75.286126975 1551.0
75.312387540 1444.0
75.338648105 1382.0
75.364908670 1327.0
75.391169235 1167.0
75.417429800 1212.0
75.443690365 1059.0
75.469950930 1041.0
75.496211495 957.0
75.522472060 867.0
75.548732625 859.0
75.574993190 873.0
75.601253755 682.0
75.627514320 680.0
75.653774885 687.0
75.680035450 633.0
75.706296015 636.0
75.732556580 582.0
75.758817145 577.0
75.785077710 564.0
75.811338275 520.0
75.837598840 496.0
75.863859405 548.0
75.890119970 494.0
75.916380535 556.0
75.942641100 548.0
75.968901665 433.0
75.995162230 523.0
76.021422795 466.0
76.047683360 436.0
76.073943925 415.0
76.100204490 435.0
76.126465055 440.0
76.152725620 486.0
76.178986185 395.0
76.205246750 445.0
76.231507315 405.0
76.257767880 426.0
76.284028445 411.0
76.310289010 393.0
76.336549575 459.0
76.362810140 422.0
76.389070705 373.0
76.415331270 405.0
76.441591835 409.0
76.467852400 397.0
76.494112965 388.0
76.520373531 362.0
76.546634096 411.0
76.572894661 394.0
76.599155226 389.0
76.625415791 363.0
76.651676356 351.0
76.677936921 376.0
76.704197486 353.0
76.730458051 366.0
76.756718616 385.0
76.782979181 339.0
76.809239746 325.0
76.835500311 319.0
76.861760876 333.0
76.888021441 328.0
76.914282006 339.0
76.940542571 321.0
76.966803136 332.0
76.993063701 320.0
77.019324266 296.0
77.045584831 352.0
77.071845396 344.0
77.098105961 394.0
77.124366526 398.0
77.150627091 367.0
77.176887656 343.0
77.203148221 332.0
77.229408786 342.0
77.255669351 302.0
77.281929916 300.0
77.308190481 335.0
77.334451046 352.0
77.360711611 344.0
77.386972176 341.0
77.413232741 344.0
77.439493306 332.0
77.465753871 320.0
77.492014436 321.0
77.518275001 303.0
77.544535566 309.0
77.570796131 309.0
77.597056696 306.0
77.623317261 290.0
77.649577826 289.0
77.675838391 289.0
77.702098956 261.0
77.728359521 322.0
77.754620086 302.0
77.780880651 292.0
77.807141216 273.0
77.833401781 281.0
77.859662346 287.0
77.885922911 295.0
77.912183476 291.0
77.938444041 297.0
77.964704606 272.0
77.990965171 314.0
78.017225736 326.0
78.043486301 305.0
78.069746866 277.0
78.096007431 286.0
78.122267996 275.0
78.148528561 252.0
78.174789126 298.0
78.201049691 274.0
78.227310256 296.0
78.253570821 271.0
78.279831386 300.0
78.306091951 288.0
78.332352516 288.0
78.358613081 247.0
78.384873646 295.0
78.411134211 302.0
78.437394776 264.0
78.463655341 271.0
78.489915906 247.0
78.516176471 298.0
78.542437036 263.0
78.568697601 292.0
78.594958166 245.0
78.621218731 286.0
78.647479296 299.0
78.673739861 309.0
78.700000426 289.0
78.726260991 262.0
78.752521556 294.0
78.778782121 271.0
78.805042686 265.0
78.831303251 268.0
78.857563816 274.0
78.883824381 281.0
78.910084946 263.0
78.936345511 279.0
78.962606076 269.0
78.988866641 265.0
79.015127206 282.0
79.041387771 233.0
79.067648336 263.0
79.093908901 254.0
79.120169466 299.0
79.146430031 283.0
79.172690596 286.0
79.198951161 274.0
79.225211726 282.0
79.251472291 277.0
79.277732856 273.0
79.303993421 304.0
79.330253986 278.0
79.356514551 264.0
79.382775116 303.0
79.409035681 285.0
79.435296246 284.0
79.461556811 249.0
79.487817376 298.0
79.514077942 279.0
79.540338507 268.0
79.566599072 263.0
79.592859637 254.0
79.619120202 278.0
79.645380767 276.0
79.671641332 254.0
79.697901897 251.0
79.724162462 260.0
79.750423027 265.0
79.776683592 254.0
79.802944157 261.0
79.829204722 253.0
79.855465287 278.0
79.881725852 252.0
79.907986417 246.0
79.934246982 267.0
79.960507547 267.0
79.986768112 260.0
80.013028677 247.0
80.039289242 272.0
80.065549807 258.0
80.091810372 255.0
80.118070937 271.0
80.144331502 287.0
80.170592067 263.0
80.196852632 285.0
80.223113197 255.0
80.249373762 258.0
80.275634327 249.0
80.301894892 287.0
80.328155457 295.0
80.354416022 282.0
80.380676587 282.0
80.406937152 295.0
80.433197717 282.0
80.459458282 269.0
80.485718847 290.0
80.511979412 273.0
80.538239977 279.0
80.564500542 272.0
80.590761107 259.0
80.617021672 272.0
80.643282237 274.0
80.669542802 260.0
80.695803367 255.0
80.722063932 282.0
80.748324497 288.0
80.774585062 256.0
80.800845627 249.0
80.827106192 238.0
80.853366757 234.0
80.879627322 266.0
80.905887887 283.0
80.932148452 237.0
80.958409017 266.0
80.984669582 234.0
81.010930147 231.0
81.037190712 250.0
81.063451277 246.0
81.089711842 251.0
81.115972407 279.0
81.142232972 264.0
81.168493537 247.0
81.194754102 257.0
81.221014667 267.0
81.247275232 243.0
81.273535797 233.0
81.299796362 277.0
81.326056927 266.0
81.352317492 256.0
81.378578057 273.0
81.404838622 251.0
81.431099187 253.0
81.457359752 259.0
81.483620317 267.0
81.509880882 261.0
81.536141447 270.0
81.562402012 257.0
81.588662577 268.0
81.614923142 250.0
81.641183707 246.0
81.667444272 261.0
81.693704837 266.0
81.719965402 258.0
81.746225967 244.0
81.772486532 260.0
81.798747097 270.0
81.825007662 298.0
81.851268227 234.0
81.877528792 287.0
81.903789357 248.0
81.930049922 282.0
81.956310487 258.0
81.982571052 252.0
82.008831617 264.0
82.035092182 261.0
82.061352747 276.0
82.087613312 249.0
82.113873877 273.0
82.140134442 281.0
82.166395007 280.0
82.192655572 290.0
82.218916137 294.0
82.245176702 302.0
82.271437267 333.0
82.297697832 299.0
82.323958397 289.0
82.350218962 267.0
82.376479527 276.0
82.402740092 259.0
82.429000657 257.0
82.455261222 231.0
82.481521787 253.0
82.507782353 254.0
82.534042918 247.0
82.560303483 258.0
82.586564048 252.0
82.612824613 255.0
82.639085178 253.0
82.665345743 256.0
82.691606308 199.0
82.717866873 248.0
82.744127438 239.0
82.770388003 259.0
82.796648568 241.0
82.822909133 239.0
82.849169698 235.0
82.875430263 237.0
82.901690828 249.0
82.927951393 255.0
82.954211958 236.0
82.980472523 236.0
83.006733088 227.0
83.032993653 235.0
83.059254218 236.0
83.085514783 228.0
83.111775348 243.0
83.138035913 262.0
83.164296478 230.0
83.190557043 223.0
83.216817608 244.0
83.243078173 213.0
83.269338738 236.0
83.295599303 212.0
83.321859868 247.0
83.348120433 251.0
83.374380998 239.0
83.400641563 229.0
83.426902128 224.0
83.453162693 231.0
83.479423258 265.0
83.505683823 230.0
83.531944388 227.0
83.558204953 234.0
83.584465518 260.0
83.610726083 222.0
83.636986648 268.0
83.663247213 222.0
83.689507778 258.0
83.715768343 232.0
83.742028908 229.0
83.768289473 268.0
83.794550038 245.0
83.820810603 249.0
83.847071168 242.0
83.873331733 217.0
83.899592298 231.0
83.925852863 262.0
83.952113428 235.0
83.978373993 275.0
84.004634558 239.0
84.030895123 252.0
84.057155688 228.0
84.083416253 262.0
84.109676818 221.0
84.135937383 241.0
84.162197948 269.0
84.188458513 233.0
84.214719078 220.0
84.240979643 253.0
84.267240208 227.0
84.293500773 214.0
84.319761338 252.0
84.346021903 217.0
84.372282468 235.0
84.398543033 244.0
84.424803598 227.0
84.451064163 231.0
84.477324728 237.0
84.503585293 238.0
84.529845858 232.0
84.556106423 217.0
84.582366988 239.0
84.608627553 215.0
84.634888118 249.0
84.661148683 230.0
84.687409248 233.0
84.713669813 235.0
84.739930378 211.0
84.766190943 219.0
84.792451508 220.0
84.818712073 207.0
84.844972638 220.0
84.871233203 206.0
84.897493768 249.0
84.923754333 249.0
84.950014898 228.0
84.976275463 221.0
85.002536028 230.0
85.028796593 228.0
85.055057158 201.0
85.081317723 229.0
85.107578288 229.0
85.133838853 243.0
85.160099418 220.0
85.186359983 219.0
85.212620548 220.0
85.238881113 254.0
85.265141678 241.0
85.291402243 226.0
85.317662808 252.0
85.343923373 226.0
85.370183938 242.0
85.396444503 233.0
85.422705068 226.0
85.448965633 203.0
85.475226198 226.0
85.501486764 251.0
85.527747329 230.0
85.554007894 240.0
85.580268459 254.0
85.606529024 229.0
85.632789589 209.0
85.659050154 268.0
85.685310719 278.0
85.711571284 249.0
85.737831849 236.0
85.764092414 238.0
85.790352979 251.0
85.816613544 245.0
85.842874109 255.0
85.869134674 220.0
85.895395239 239.0
85.921655804 250.0
85.947916369 202.0
85.974176934 228.0
86.000437499 240.0
86.026698064 233.0
86.052958629 204.0
86.079219194 221.0
86.105479759 232.0
86.131740324 217.0
86.158000889 236.0
86.184261454 217.0
86.210522019 198.0
86.236782584 211.0
86.263043149 219.0
86.289303714 213.0
86.315564279 221.0
86.341824844 233.0
86.368085409 211.0
86.394345974 230.0
86.420606539 239.0
86.446867104 244.0
86.473127669 228.0
86.499388234 214.0
86.525648799 214.0
86.551909364 213.0
86.578169929 242.0
86.604430494 209.0
86.630691059 212.0
86.656951624 222.0
86.683212189 205.0
86.709472754 216.0
86.735733319 215.0
86.761993884 220.0
86.788254449 212.0
86.814515014 245.0
86.840775579 221.0
86.867036144 219.0
86.893296709 212.0
86.919557274 235.0
86.945817839 197.0
86.972078404 223.0
86.998338969 210.0
87.024599534 220.0
87.050860099 236.0
87.077120664 206.0
87.103381229 217.0
87.129641794 222.0
87.155902359 224.0
87.182162924 230.0
87.208423489 225.0
87.234684054 218.0
87.260944619 224.0
87.287205184 205.0
87.313465749 188.0
87.339726314 197.0
87.365986879 228.0
87.392247444 251.0
87.418508009 222.0
87.444768574 218.0
87.471029139 195.0
87.497289704 220.0
87.523550269 213.0
87.549810834 243.0
87.576071399 224.0
87.602331964 244.0
87.628592529 218.0
87.654853094 222.0
87.681113659 238.0
87.707374224 228.0
87.733634789 230.0
87.759895354 244.0
87.786155919 235.0
87.812416484 217.0
87.838677049 239.0
87.864937614 217.0
87.891198179 228.0
87.917458744 219.0
87.943719309 226.0
87.969979874 217.0
87.996240439 225.0
88.022501004 222.0
88.048761569 219.0
88.075022134 218.0
88.101282699 229.0
88.127543264 238.0
88.153803829 236.0
88.180064394 199.0
88.206324959 203.0
88.232585524 199.0
88.258846089 222.0
88.285106654 233.0
88.311367219 198.0
88.337627784 238.0
88.363888349 248.0
88.390148914 203.0
88.416409479 219.0
88.442670044 242.0
88.468930609 227.0
88.495191175 213.0
88.521451740 223.0
88.547712305 212.0
88.573972870 240.0
88.600233435 207.0
88.626494000 248.0
88.652754565 239.0
88.679015130 246.0
88.705275695 261.0
88.731536260 242.0
88.757796825 235.0
88.784057390 232.0
88.810317955 228.0
88.836578520 231.0
88.862839085 216.0
88.889099650 248.0
88.915360215 236.0
88.941620780 251.0
88.967881345 243.0
88.994141910 249.0
89.020402475 221.0
89.046663040 253.0
89.072923605 228.0
89.099184170 217.0
89.125444735 225.0
89.151705300 227.0
89.177965865 227.0
89.204226430 227.0
89.230486995 242.0
89.256747560 264.0
89.283008125 223.0
89.309268690 221.0
89.335529255 229.0
89.361789820 261.0
89.388050385 257.0
89.414310950 245.0
89.440571515 249.0
89.466832080 276.0
89.493092645 242.0
89.519353210 253.0
89.545613775 240.0
89.571874340 216.0
89.598134905 236.0
89.624395470 226.0
89.650656035 246.0
89.676916600 242.0
89.703177165 243.0
89.729437730 253.0
89.755698295 250.0
89.781958860 230.0
89.808219425 237.0
89.834479990 217.0
89.860740555 236.0
89.887001120 244.0
89.913261685 226.0
89.939522250 253.0
89.965782815 291.0
89.992043380 265.0
90.018303945 246.0
90.044564510 278.0
90.070825075 263.0
90.097085640 275.0
90.123346205 283.0
90.149606770 306.0
90.175867335 295.0
90.202127900 297.0
90.228388465 292.0
90.254649030 308.0
90.280909595 258.0
90.307170160 298.0
90.333430725 280.0
90.359691290 279.0
90.385951855 278.0
90.412212420 292.0
90.438472985 277.0
90.464733550 319.0
90.490994115 300.0
90.517254680 300.0
90.543515245 278.0
90.569775810 287.0
90.596036375 306.0
90.622296940 304.0
90.648557505 296.0
90.674818070 282.0
90.701078635 323.0
90.727339200 312.0
90.753599765 326.0
90.779860330 308.0
90.806120895 392.0
90.832381460 398.0
90.858642025 424.0
90.884902590 466.0
90.911163155 728.0
90.937423720 952.0
90.963684285 1231.0
90.989944850 1680.0
91.016205415 2251.0
91.042465980 2861.0
91.068726545 3273.0
91.094987110 3222.0
91.121247675 3400.0
91.147508240 3835.0
91.173768805 4147.0
91.200029370 3210.0
91.226289935 2184.0
91.252550500 1522.0
91.278811065 1162.0
91.305071630 982.0
91.331332195 718.0
91.357592760 617.0
91.383853325 510.0
91.410113890 556.0
91.436374455 424.0
91.462635020 440.0
91.488895585 391.0
91.515156151 419.0
91.541416716 397.0
91.567677281 391.0
91.593937846 401.0
91.620198411 421.0
91.646458976 406.0
91.672719541 392.0
91.698980106 400.0
91.725240671 372.0
91.751501236 355.0
91.777761801 369.0
91.804022366 377.0
91.830282931 384.0
91.856543496 418.0
91.882804061 358.0
91.909064626 367.0
91.935325191 388.0
91.961585756 373.0
91.987846321 346.0
92.014106886 381.0
92.040367451 334.0
92.066628016 351.0
92.092888581 357.0
92.119149146 354.0
92.145409711 349.0
92.171670276 376.0
92.197930841 338.0
92.224191406 346.0
92.250451971 376.0
92.276712536 372.0
92.302973101 367.0
92.329233666 356.0
92.355494231 332.0
92.381754796 365.0
92.408015361 326.0
92.434275926 379.0
92.460536491 321.0
92.486797056 338.0
92.513057621 332.0
92.539318186 356.0
92.565578751 336.0
92.591839316 347.0
92.618099881 341.0
92.644360446 346.0
92.670621011 339.0
92.696881576 340.0
92.723142141 360.0
92.749402706 387.0
92.775663271 338.0
92.801923836 348.0
92.828184401 355.0
92.854444966 362.0
92.880705531 362.0
92.906966096 379.0
92.933226661 347.0
92.959487226 370.0
92.985747791 356.0
93.012008356 414.0
93.038268921 369.0
93.064529486 323.0
93.090790051 341.0
93.117050616 376.0
93.143311181 361.0
93.169571746 388.0
93.195832311 398.0
93.222092876 377.0
93.248353441 351.0
93.274614006 386.0
93.300874571 370.0
93.327135136 361.0
93.353395701 368.0
93.379656266 393.0
93.405916831 379.0
93.432177396 367.0
93.458437961 382.0
93.484698526 408.0
93.510959091 406.0
93.537219656 405.0
93.563480221 391.0
93.589740786 412.0
93.616001351 397.0
93.642261916 385.0
93.668522481 407.0
93.694783046 427.0
93.721043611 421.0
93.747304176 412.0
93.773564741 435.0
93.799825306 453.0
93.826085871 450.0
93.852346436 494.0
93.878607001 523.0
93.904867566 526.0
93.931128131 520.0
93.957388696 542.0
93.983649261 521.0
94.009909826 539.0
94.036170391 557.0
94.062430956 602.0
94.088691521 620.0
94.114952086 695.0
94.141212651 679.0
94.167473216 650.0
94.193733781 734.0
94.219994346 741.0
94.246254911 756.0
94.272515476 816.0
94.298776041 775.0
94.325036606 865.0
94.351297171 868.0
94.377557736 902.0
94.403818301 970.0
94.430078866 957.0
94.456339431 997.0
94.482599996 1030.0
94.508860562 973.0
94.535121127 1052.0
94.561381692 1121.0
94.587642257 1091.0
94.613902822 1099.0
94.640163387 1098.0
94.666423952 1120.0
94.692684517 1057.0
94.718945082 1090.0
94.745205647 1080.0
94.771466212 1029.0
94.797726777 1073.0
94.823987342 1075.0
94.850247907 1044.0
94.876508472 1070.0
94.902769037 1045.0
94.929029602 1022.0
94.955290167 1024.0
94.981550732 1005.0
95.007811297 1068.0
95.034071862 983.0
95.060332427 1107.0
95.086592992 1030.0
95.112853557 981.0
95.139114122 1109.0
95.165374687 1080.0
95.191635252 1137.0
95.217895817 1086.0
95.244156382 1241.0
95.270416947 1284.0
95.296677512 1299.0
95.322938077 1320.0
95.349198642 1399.0
95.375459207 1424.0
95.401719772 1522.0
95.427980337 1649.0
95.454240902 1728.0
95.480501467 1767.0
95.506762032 1989.0
95.533022597 2166.0
95.559283162 2167.0
95.585543727 2419.0
95.611804292 2566.0
95.638064857 2769.0
95.664325422 2932.0
95.690585987 3080.0
95.716846552 3253.0
95.743107117 3530.0
95.769367682 3823.0
95.795628247 4045.0
95.821888812 4169.0
95.848149377 4388.0
95.874409942 4556.0
95.900670507 4875.0
95.926931072 5004.0
95.953191637 5039.0
95.979452202 5247.0
96.005712767 5452.0
96.031973332 5272.0
96.058233897 5378.0
96.084494462 5273.0
96.110755027 5221.0
96.137015592 5196.0
96.163276157 5117.0
96.189536722 4846.0
96.215797287 4906.0
96.242057852 4644.0
96.268318417 4503.0
96.294578982 4369.0
96.320839547 4308.0
96.347100112 3998.0
96.373360677 3838.0
96.399621242 3732.0
96.425881807 3595.0
96.452142372 3397.0
96.478402937 3173.0
96.504663502 3057.0
96.530924067 3015.0
96.557184632 2886.0
96.583445197 2687.0
96.609705762 2636.0
96.635966327 2589.0
96.662226892 2514.0
96.688487457 2394.0
96.714748022 2411.0
96.741008587 2341.0
96.767269152 2246.0
96.793529717 2343.0
96.819790282 2415.0
96.846050847 2312.0
96.872311412 2460.0
96.898571977 2580.0
96.924832542 2671.0
96.951093107 2724.0
96.977353672 2814.0
97.003614237 2948.0
97.029874802 3113.0
97.056135367 3328.0
97.082395932 3424.0
97.108656497 3692.0
97.134917062 3923.0
97.161177627 4211.0
97.187438192 4438.0
97.213698757 4734.0
97.239959322 5067.0
97.266219887 5196.0
97.292480452 5707.0
97.318741017 5993.0
97.345001582 6378.0
97.371262147 6843.0
97.397522712 7048.0
97.423783277 7333.0
97.450043842 7382.0
97.476304407 7616.0
97.502564973 7770.0
97.528825538 8057.0
97.555086103 7833.0
97.581346668 8280.0
97.607607233 8005.0
97.633867798 7937.0
97.660128363 7850.0
97.686388928 7551.0
97.712649493 7506.0
97.738910058 7219.0
97.765170623 6797.0
97.791431188 6617.0
97.817691753 6521.0
97.843952318 6224.0
97.870212883 5836.0
97.896473448 5598.0
97.922734013 5330.0
97.948994578 5089.0
97.975255143 4892.0
98.001515708 4531.0
98.027776273 4345.0
98.054036838 4290.0
98.080297403 3992.0
98.106557968 3634.0
98.132818533 3447.0
98.159079098 3394.0
98.185339663 3300.0
98.211600228 3237.0
98.237860793 3341.0
98.264121358 3437.0
98.290381923 3560.0
98.316642488 3840.0
98.342903053 4257.0
98.369163618 4422.0
98.395424183 4459.0
98.421684748 4661.0
98.447945313 4738.0
98.474205878 4520.0
98.500466443 4056.0
98.526727008 3589.0
98.552987573 3226.0
98.579248138 2977.0
98.605508703 2865.0
98.631769268 2704.0
98.658029833 2676.0
98.684290398 2648.0
98.710550963 2625.0
98.736811528 2737.0
98.763072093 2695.0
98.789332658 2767.0
98.815593223 2798.0
98.841853788 2813.0
98.868114353 2783.0
98.894374918 2861.0
98.920635483 2905.0
98.946896048 2959.0
98.973156613 2976.0
98.999417178 3091.0
99.025677743 3079.0
99.051938308 2944.0
99.078198873 3117.0
99.104459438 2957.0
99.130720003 3002.0
99.156980568 3106.0
99.183241133 2894.0
99.209501698 2902.0
99.235762263 2851.0
99.262022828 2821.0
99.288283393 2795.0
99.314543958 2853.0
99.340804523 2788.0
99.367065088 2737.0
99.393325653 2687.0
99.419586218 2705.0
99.445846783 2558.0
99.472107348 2384.0
99.498367913 2293.0
99.524628478 2140.0
99.550889043 1968.0
99.577149608 1879.0
99.603410173 1769.0
99.629670738 1708.0
99.655931303 1631.0
99.682191868 1640.0
99.708452433 1481.0
99.734712998 1457.0
99.760973563 1419.0
99.787234128 1401.0
99.813494693 1323.0
99.839755258 1364.0
99.866015823 1426.0
99.892276388 1300.0
99.918536953 1284.0
99.944797518 1294.0
99.971058083 1287.0
99.997318648 1289.0
100.023579213 1276.0
100.049839778 1236.0
100.076100343 1230.0
100.102360908 1297.0
100.128621473 1239.0
100.154882038 1243.0
100.181142603 1262.0
100.207403168 1275.0
100.233663733 1267.0
100.259924298 1309.0
100.286184863 1317.0
100.312445428 1340.0
100.338705993 1343.0
100.364966558 1328.0
100.391227123 1412.0
100.417487688 1315.0
100.443748253 1382.0
100.470008818 1380.0
100.496269384 1476.0
100.522529949 1439.0
100.548790514 1462.0
100.575051079 1551.0
100.601311644 1530.0
100.627572209 1506.0
100.653832774 1623.0
100.680093339 1610.0
100.706353904 1712.0
100.732614469 1620.0
100.758875034 1642.0
100.785135599 1706.0
100.811396164 1750.0
100.837656729 1765.0
100.863917294 1716.0
100.890177859 1730.0
100.916438424 1775.0
100.942698989 1729.0
100.968959554 1744.0
100.995220119 1747.0
101.021480684 1769.0
101.047741249 1847.0
101.074001814 1819.0
101.100262379 1849.0
101.126522944 1837.0
101.152783509 1799.0
101.179044074 1864.0
101.205304639 1834.0
101.231565204 1894.0
101.257825769 1972.0
101.284086334 1942.0
101.310346899 1982.0
101.336607464 1982.0
101.362868029 2034.0
101.389128594 2066.0
101.415389159 2210.0
101.441649724 2194.0
101.467910289 2280.0
101.494170854 2332.0
101.520431419 2391.0
101.546691984 2380.0
101.572952549 2485.0
101.599213114 2524.0
101.625473679 2596.0
101.651734244 2761.0
101.677994809 2824.0
101.704255374 2882.0
101.730515939 3033.0
101.756776504 3029.0
101.783037069 3174.0
101.809297634 3229.0
101.835558199 3211.0
101.861818764 3401.0
101.888079329 3393.0
101.914339894 3440.0
101.940600459 3338.0
101.966861024 3455.0
101.993121589 3723.0
102.019382154 3535.0
102.045642719 3695.0
102.071903284 3682.0
102.098163849 3770.0
102.124424414 3871.0
102.150684979 3768.0
102.176945544 3895.0
102.203206109 3840.0
102.229466674 3873.0
102.255727239 3918.0
102.281987804 4029.0
102.308248369 4066.0
102.334508934 4055.0
102.360769499 4141.0
102.387030064 4118.0
102.413290629 4252.0
102.439551194 4295.0
102.465811759 4213.0
102.492072324 4345.0
102.518332889 4360.0
102.544593454 4410.0
102.570854019 4469.0
102.597114584 4548.0
102.623375149 4568.0
102.649635714 4643.0
102.675896279 4843.0
102.702156844 4818.0
102.728417409 4884.0
102.754677974 5013.0
102.780938539 5060.0
102.807199104 5270.0
102.833459669 5278.0
102.859720234 5368.0
102.885980799 5622.0
102.912241364 5810.0
102.938501929 5780.0
102.964762494 5996.0
102.991023059 6117.0
103.017283624 6306.0
103.043544189 6533.0
103.069804754 6712.0
103.096065319 6825.0
103.122325884 7068.0
103.148586449 7307.0
103.174847014 7465.0
103.201107579 7875.0
103.227368144 8031.0
103.253628709 8452.0
103.279889274 8727.0
103.306149839 9239.0
103.332410404 9908.0
103.358670969 10367.0
103.384931534 10862.0
103.411192099 11773.0
103.437452664 12599.0
103.463713229 13935.0
103.489973795 15591.0
103.516234360 17520.0
103.542494925 19793.0
103.568755490 22005.0
103.595016055 24779.0
103.621276620 27795.0
103.647537185 30934.0
103.673797750 32913.0
103.700058315 35016.0
103.726318880 37517.0
103.752579445 38930.0
103.778840010 39279.0
103.805100575 40021.0
103.831361140 41402.0
103.857621705 43118.0
103.883882270 44961.0
103.910142835 47557.0
103.936403400 52393.0
103.962663965 58891.0
103.988924530 67309.0
104.015185095 79503.0
104.041445660 97712.0
104.067706225 122673.0
104.093966790 163543.0
104.120227355 231935.0
104.146487920 375873.0
104.172748485 707393.0
104.199009050 1216993.0
104.225269615 1441664.0
104.251530180 1945204.0
104.277790745 2816119.0
104.304051310 2699499.0
104.330311875 2210605.0
104.356572440 2587950.0
104.382833005 3162502.0
104.409093570 2496331.0
104.435354135 1549532.0
104.461614700 919437.0
104.487875265 592715.0
104.514135830 499048.0
104.540396395 599680.0
104.566656960 817176.0
104.592917525 943949.0
104.619178090 1179559.0
104.645438655 1514743.0
104.671699220 1509554.0
104.697959785 1319881.0
104.724220350 1431486.0
104.750480915 1606787.0
104.776741480 1332623.0
104.803002045 866125.0
104.829262610 509058.0
104.855523175 306296.0
104.881783740 196743.0
104.908044305 140411.0
104.934304870 108927.0
104.960565435 89400.0
104.986826000 76782.0
105.013086565 68337.0
105.039347130 61551.0
105.065607695 55722.0
105.091868260 51358.0
105.118128825 48409.0
105.144389390 44924.0
105.170649955 42113.0
105.196910520 39771.0
105.223171085 37669.0
105.249431650 35485.0
105.275692215 33697.0
105.301952780 32532.0
105.328213345 30838.0
105.354473910 29638.0
105.380734475 28146.0
105.406995040 27229.0
105.433255605 26288.0
105.459516170 25369.0
105.485776735 24377.0
105.512037300 23046.0
105.538297865 22548.0
105.564558430 21582.0
105.590818995 20936.0
105.617079560 19965.0
105.643340125 19579.0
105.669600690 18916.0
105.695861255 18110.0
105.722121820 17552.0
105.748382385 17123.0
105.774642950 16628.0
105.800903515 15954.0
105.827164080 15658.0
105.853424645 15420.0
105.879685210 14839.0
105.905945775 14526.0
105.932206340 14257.0
105.958466905 13942.0
105.984727470 13698.0
106.010988035 13286.0
106.037248600 13478.0
106.063509165 13080.0
106.089769730 12785.0
106.116030295 12595.0
106.142290860 12603.0
106.168551425 12363.0
106.194811990 12190.0
106.221072555 12070.0
106.247333120 12112.0
106.273593685 11978.0
106.299854250 11928.0
106.326114815 11698.0
106.352375380 11759.0
106.378635945 11828.0
106.404896510 11863.0
106.431157075 11823.0
106.457417640 12072.0
106.483678205 12031.0
106.509938771 12116.0
106.536199336 12488.0
106.562459901 12432.0
106.588720466 12729.0
106.614981031 12928.0
106.641241596 13154.0
106.667502161 13157.0
106.693762726 13640.0
106.720023291 13915.0
106.746283856 13993.0
106.772544421 14074.0
106.798804986 14158.0
106.825065551 14072.0
106.851326116 14401.0
106.877586681 14579.0
106.903847246 14537.0
106.930107811 14255.0
106.956368376 14364.0
106.982628941 14388.0
107.008889506 14069.0
107.035150071 13919.0
107.061410636 13765.0
107.087671201 13755.0
107.113931766 13442.0
107.140192331 12907.0
107.166452896 12788.0
107.192713461 12300.0
107.218974026 12217.0
107.245234591 11887.0
107.271495156 11575.0
107.297755721 11256.0
107.324016286 10955.0
107.350276851 10759.0
107.376537416 10357.0
107.402797981 9965.0
107.429058546 9762.0
107.455319111 9280.0
107.481579676 9240.0
107.507840241 8927.0
107.534100806 8561.0
107.560361371 8086.0
107.586621936 7985.0
107.612882501 7691.0
107.639143066 7584.0
107.665403631 7295.0
107.691664196 7136.0
107.717924761 6912.0
107.744185326 6820.0
107.770445891 6716.0
107.796706456 6490.0
107.822967021 6430.0
107.849227586 6297.0
107.875488151 6033.0
107.901748716 5950.0
107.928009281 5958.0
107.954269846 5677.0
107.980530411 5803.0
108.006790976 5647.0
108.033051541 5572.0
108.059312106 5514.0
108.085572671 5325.0
108.111833236 5561.0
108.138093801 5261.0
108.164354366 5389.0
108.190614931 5272.0
108.216875496 5382.0
108.243136061 5240.0
108.269396626 5307.0
108.295657191 5099.0
108.321917756 5124.0
108.348178321 5089.0
108.374438886 5086.0
108.400699451 5081.0
108.426960016 5172.0
108.453220581 5107.0
108.479481146 5013.0
108.505741711 4972.0
108.532002276 5027.0
108.558262841 4890.0
108.584523406 4775.0
108.610783971 4738.0
108.637044536 4771.0
108.663305101 4780.0
108.689565666 4687.0
108.715826231 4588.0
108.742086796 4612.0
108.768347361 4398.0
108.794607926 4511.0
108.820868491 4397.0
108.847129056 4440.0
108.873389621 4239.0
108.899650186 4223.0
108.925910751 4026.0
108.952171316 3936.0
108.978431881 3947.0
109.004692446 3833.0
109.030953011 3849.0
109.057213576 3650.0
109.083474141 3547.0
109.109734706 3522.0
109.135995271 3403.0
109.162255836 3312.0
109.188516401 3232.0
109.214776966 3114.0
109.241037531 3070.0
109.267298096 3012.0
109.293558661 2918.0
109.319819226 2865.0
109.346079791 2690.0
109.372340356 2709.0
109.398600921 2657.0
109.424861486 2519.0
109.451122051 2472.0
109.477382616 2465.0
109.503643182 2488.0
109.529903747 2448.0
109.556164312 2247.0
109.582424877 2343.0
109.608685442 2396.0
109.634946007 2196.0
109.661206572 2254.0
109.687467137 2165.0
109.713727702 2117.0
109.739988267 2059.0
109.766248832 2103.0
109.792509397 2039.0
109.818769962 2008.0
109.845030527 1986.0
109.871291092 1928.0
109.897551657 1835.0
109.923812222 1908.0
109.950072787 1858.0
109.976333352 1825.0
110.002593917 1820.0
110.028854482 1782.0
110.055115047 1734.0
110.081375612 1731.0
110.107636177 1702.0
110.133896742 1615.0
110.160157307 1570.0
110.186417872 1597.0
110.212678437 1502.0
110.238939002 1524.0
110.265199567 1589.0
110.291460132 1538.0
110.317720697 1506.0
110.343981262 1484.0
110.370241827 1492.0
110.396502392 1399.0
110.422762957 1431.0
110.449023522 1447.0
110.475284087 1452.0
110.501544652 1373.0
110.527805217 1369.0
110.554065782 1341.0
110.580326347 1397.0
110.606586912 1254.0
110.632847477 1313.0
110.659108042 1285.0
110.685368607 1266.0
110.711629172 1239.0
110.737889737 1243.0
110.764150302 1280.0
110.790410867 1189.0
110.816671432 1187.0
110.842931997 1218.0
110.869192562 1194.0
110.895453127 1151.0
110.921713692 1170.0
110.947974257 1126.0
110.974234822 1168.0
111.000495387 1168.0
111.026755952 1128.0
111.053016517 1133.0
111.079277082 1146.0
111.105537647 1147.0
111.131798212 1105.0
111.158058777 1103.0
111.184319342 1036.0
111.210579907 1083.0
111.236840472 1058.0
111.263101037 1084.0
111.289361602 1032.0
111.315622167 1081.0
111.341882732 989.0
111.368143297 1025.0
111.394403862 1027.0
111.420664427 949.0
111.446924992 992.0
111.473185557 956.0
111.499446122 945.0
111.525706687 919.0
111.551967252 919.0
111.578227817 917.0
111.604488382 909.0
111.630748947 910.0
111.657009512 898.0
111.683270077 916.0
111.709530642 902.0
111.735791207 878.0
111.762051772 851.0
111.788312337 854.0
111.814572902 902.0
111.840833467 889.0
111.867094032 800.0
111.893354597 860.0
111.919615162 842.0
111.945875727 792.0
111.972136292 837.0
111.998396857 817.0
112.024657422 880.0
112.050917987 794.0
112.077178552 817.0
112.103439117 807.0
112.129699682 802.0
112.155960247 825.0
112.182220812 786.0
112.208481377 832.0
112.234741942 797.0
112.261002507 761.0
112.287263072 797.0
112.313523637 846.0
112.339784202 763.0
112.366044767 770.0
112.392305332 741.0
112.418565897 837.0
112.444826462 731.0
112.471087027 728.0
112.497347593 770.0
112.523608158 760.0
112.549868723 792.0
112.576129288 717.0
112.602389853 707.0
112.628650418 722.0
112.654910983 696.0
112.681171548 717.0
112.707432113 707.0
112.733692678 777.0
112.759953243 716.0
112.786213808 729.0
112.812474373 709.0
112.838734938 716.0
112.864995503 735.0
112.891256068 756.0
112.917516633 723.0
112.943777198 732.0
112.970037763 693.0
112.996298328 674.0
113.022558893 691.0
113.048819458 717.0
113.075080023 744.0
113.101340588 692.0
113.127601153 659.0
113.153861718 700.0
113.180122283 676.0
113.206382848 686.0
113.232643413 754.0
113.258903978 650.0
113.285164543 658.0
113.311425108 709.0
113.337685673 661.0
113.363946238 597.0
113.390206803 633.0
113.416467368 667.0
113.442727933 662.0
113.468988498 665.0
113.495249063 666.0
113.521509628 696.0
113.547770193 655.0
113.574030758 658.0
113.600291323 613.0
113.626551888 642.0
113.652812453 651.0
113.679073018 588.0
113.705333583 667.0
113.731594148 660.0
113.757854713 650.0
113.784115278 606.0
113.810375843 652.0
113.836636408 611.0
113.862896973 687.0
113.889157538 657.0
113.915418103 595.0
113.941678668 620.0
113.967939233 640.0
113.994199798 662.0
114.020460363 586.0
114.046720928 586.0
114.072981493 621.0
114.099242058 605.0
114.125502623 615.0
114.151763188 632.0
114.178023753 614.0
114.204284318 605.0
114.230544883 596.0
114.256805448 570.0
114.283066013 614.0
114.309326578 566.0
114.335587143 592.0
114.361847708 598.0
114.388108273 596.0
114.414368838 559.0
114.440629403 593.0
114.466889968 569.0
114.493150533 546.0
114.519411098 603.0
114.545671663 549.0
114.571932228 566.0
114.598192793 577.0
114.624453358 599.0
114.650713923 582.0
114.676974488 609.0
114.703235053 584.0
114.729495618 510.0
114.755756183 551.0
114.782016748 553.0
114.808277313 557.0
114.834537878 550.0
114.860798443 583.0
114.887059008 612.0
114.913319573 575.0
114.939580138 560.0
114.965840703 574.0
114.992101268 586.0
115.018361833 504.0
115.044622398 616.0
115.070882963 581.0
115.097143528 603.0
115.123404093 550.0
115.149664658 560.0
115.175925223 572.0
115.202185788 577.0
115.228446353 561.0
115.254706918 574.0
115.280967483 563.0
115.307228048 582.0
115.333488613 552.0
115.359749178 535.0
115.386009743 573.0
115.412270308 537.0
115.438530873 540.0
115.464791438 485.0
115.491052004 550.0
115.517312569 585.0
115.543573134 572.0
115.569833699 541.0
115.596094264 516.0
115.622354829 553.0
115.648615394 528.0
115.674875959 522.0
115.701136524 566.0
115.727397089 525.0
115.753657654 548.0
115.779918219 464.0
115.806178784 502.0
115.832439349 543.0
115.858699914 549.0
115.884960479 565.0
115.911221044 501.0
115.937481609 566.0
115.963742174 507.0
115.990002739 536.0
116.016263304 425.0
116.042523869 534.0
116.068784434 574.0
116.095044999 539.0
116.121305564 497.0
116.147566129 503.0
116.173826694 482.0
116.200087259 531.0
116.226347824 528.0
116.252608389 524.0
116.278868954 578.0
116.305129519 619.0
116.331390084 603.0
116.357650649 629.0
116.383911214 596.0
116.410171779 592.0
116.436432344 579.0
116.462692909 636.0
116.488953474 610.0
116.515214039 559.0
116.541474604 471.0
116.567735169 519.0
116.593995734 554.0
116.620256299 522.0
116.646516864 487.0
116.672777429 563.0
116.699037994 505.0
116.725298559 525.0
116.751559124 476.0
116.777819689 534.0
116.804080254 569.0
116.830340819 490.0
116.856601384 566.0
116.882861949 561.0
116.909122514 562.0
116.935383079 495.0
116.961643644 459.0
116.987904209 478.0
117.014164774 443.0
117.040425339 485.0
117.066685904 460.0
117.092946469 472.0
117.119207034 447.0
117.145467599 454.0
117.171728164 415.0
117.197988729 457.0
117.224249294 502.0
117.250509859 460.0
117.276770424 448.0
117.303030989 418.0
117.329291554 423.0
117.355552119 432.0
117.381812684 532.0
117.408073249 406.0
117.434333814 461.0
117.460594379 514.0
117.486854944 447.0
117.513115509 482.0
117.539376074 442.0
117.565636639 477.0
117.591897204 444.0
117.618157769 473.0
117.644418334 490.0
117.670678899 471.0
117.696939464 458.0
117.723200029 455.0
117.749460594 537.0
117.775721159 443.0
117.801981724 448.0
117.828242289 529.0
117.854502854 445.0
117.880763419 463.0
117.907023984 451.0
117.933284549 499.0
117.959545114 430.0
117.985805679 492.0
118.012066244 456.0
118.038326809 456.0
118.064587374 504.0
118.090847939 438.0
118.117108504 455.0
118.143369069 461.0
118.169629634 465.0
118.195890199 445.0
118.222150764 464.0
118.248411329 531.0
118.274671894 513.0
118.300932459 493.0
118.327193024 533.0
118.353453589 542.0
118.379714154 556.0
118.405974719 500.0
118.432235284 574.0
118.458495849 576.0
118.484756415 571.0
118.511016980 520.0
118.537277545 597.0
118.563538110 537.0
118.589798675 618.0
118.616059240 576.0
118.642319805 534.0
118.668580370 565.0
118.694840935 624.0
118.721101500 619.0
118.747362065 546.0
118.773622630 614.0
118.799883195 555.0
118.826143760 596.0
118.852404325 542.0
118.878664890 541.0
118.904925455 545.0
118.931186020 532.0
118.957446585 470.0
118.983707150 534.0
119.009967715 530.0
119.036228280 501.0
119.062488845 528.0
119.088749410 475.0
119.115009975 410.0
119.141270540 460.0
119.167531105 499.0
119.193791670 429.0
119.220052235 473.0
119.246312800 490.0
119.272573365 429.0
119.298833930 455.0
119.325094495 433.0
119.351355060 487.0
119.377615625 456.0
119.403876190 418.0
119.430136755 437.0
119.456397320 396.0
119.482657885 423.0
119.508918450 437.0
119.535179015 465.0
119.561439580 430.0
119.587700145 413.0
119.613960710 415.0
119.640221275 403.0
119.666481840 423.0
119.692742405 401.0
119.719002970 421.0
119.745263535 420.0
119.771524100 380.0
119.797784665 420.0
119.824045230 422.0
119.850305795 412.0
119.876566360 408.0
119.902826925 416.0
119.929087490 399.0
119.955348055 410.0
119.981608620 390.0
